25 10
SPWKLZWHCIE GAPCEXAS  99 100 91 68 72 100 93 74 77 96
FCCEPWNFVV XJME W  100 100 100 92 80 70 84 76 77 80
FKAXVFR MAEPR X  88 100 100 100 93 100 79 73 100 100
UJSYE DTULCIC A  75 84 70 71 72 69 100 80 80 100
UIPXMS SLOVX  86 71 98 88 72 99 70 85 71 76
WAQGUMH BSPRXASR V  97 67 80 100 100 87 90 99 88 66
VVXFFGIK OWVQEMVS W  84 72 69 76 76 93 100 90 100 72
HVPBUM LLWMAR C  85 98 100 98 100 100 83 86 93 80
XMKSPFF NNSR H  100 72 100 66 75 69 96 77 74 69
YEELIT UEGAIN W  100 100 96 100 93 97 81 97 100 81
OTFI VZQHLLA D  100 100 68 79 70 100 81 96 100 100
OBWRBCI CWWUZGT D  71 73 89 83 69 89 70 96 93 100
OKD MGULGFP  100 83 100 100 100 88 80 97 100 100
DAVWDFT BSJE R  78 95 81 81 100 69 100 94 81 84
DJEOVV TDIZ K  79 67 100 100 66 82 74 92 81 92
Rzg Rjrx  95 95 78 91 66 100 67 88 87 100
GYYAVR DZSC M  94 89 100 94 70 99 70 76 100 67
SEESU JIKYMQ  100 100 79 92 93 80 94 69 100 70
FYFKENVQ LGJKRRX  100 91 100 88 95 70 100 82 98 100
GZGILBKIT ICTF Q  100 83 100 100 100 81 99 70 82 94
TRQHK QCIC V  80 82 67 66 99 97 95 72 93 67
KMPTPTAV OZGASIN A  88 100 82 100 74 67 100 69 72 69
WMWACIX CGLP T  81 100 76 74 67 100 99 85 99 89
ZBKOGI NTEIU R  79 76 100 86 100 88 95 100 87 91
DXTPGP NHZR Y  72 100 86 100 68 89 100 84 90 95
